Action prob: 0.16384 0.181028 0.21572 0.439411 
Action prob: 0.173038 0.189922 0.217291 0.419749 
Action prob: 0.193147 0.217693 0.232473 0.356687 
Action prob: 0.206727 0.234113 0.206916 0.352244 
Action prob: 0.186923 0.210607 0.191773 0.410697 
Action prob: 0.175568 0.178855 0.177793 0.467783 
Action prob: 0.163638 0.178176 0.215099 0.443087 
Action prob: 0.173038 0.189922 0.217291 0.419749 
Action prob: 0.194759 0.220176 0.231717 0.353347 
Action prob: 0.207476 0.242444 0.206181 0.343899 
Action prob: 0.186771 0.210408 0.191624 0.411197 
Action prob: 0.175559 0.178845 0.177784 0.467812 
Action prob: 0.164079 0.18095 0.21618 0.438791 
Action prob: 0.173012 0.189893 0.217298 0.419796 
Action prob: 0.194721 0.220091 0.231669 0.35352 
Action prob: 0.211187 0.257343 0.208989 0.322481 
Action prob: 0.186771 0.210408 0.191624 0.411197 
Action prob: 0.175548 0.178837 0.177762 0.467853 
Action prob: 0.163917 0.181018 0.215865 0.439201 
Action prob: 0.172913 0.189781 0.217327 0.419979 
Action prob: 0.191902 0.212031 0.217334 0.378734 
Action prob: 0.21348 0.260834 0.211839 0.313847 
Action prob: 0.186771 0.210408 0.191624 0.411197 
Action prob: 0.172979 0.176696 0.173024 0.477301 
Action prob: 0.163893 0.181021 0.215818 0.439268 
Action prob: 0.173035 0.189919 0.217292 0.419754 
Action prob: 0.191748 0.211663 0.216641 0.379949 
Action prob: 0.215046 0.263443 0.213865 0.307646 
Action prob: 0.186771 0.210408 0.191624 0.411197 
Action prob: 0.171192 0.175129 0.170167 0.483511 
Action prob: 0.163658 0.178233 0.215158 0.442951 
Action prob: 0.172988 0.189866 0.217305 0.419841 
Action prob: 0.197661 0.220645 0.224891 0.356804 
Action prob: 0.215052 0.263455 0.213873 0.30762 
Action prob: 0.186771 0.210408 0.191624 0.411197 
Action prob: 0.172885 0.176614 0.172869 0.477631 
Action prob: 0.160819 0.175974 0.218494 0.444712 
Action prob: 0.173038 0.189922 0.217291 0.419749 
Action prob: 0.19606 0.21869 0.223867 0.361383 
Action prob: 0.213591 0.261021 0.211978 0.313409 
Action prob: 0.186771 0.210408 0.191624 0.411197 
Action prob: 0.175143 0.178515 0.176916 0.469426 
Action prob: 0.157043 0.173866 0.221605 0.447486 
Action prob: 0.173038 0.189922 0.217291 0.419749 
Action prob: 0.20206 0.22781 0.231527 0.338603 
Action prob: 0.215046 0.263445 0.213865 0.307645 
Action prob: 0.186771 0.210408 0.191624 0.411197 
Action prob: 0.171416 0.175327 0.170516 0.482742 
Action prob: 0.148208 0.163319 0.18694 0.501533 
Action prob: 0.173038 0.189922 0.217291 0.419749 
Action prob: 0.20208 0.227817 0.231559 0.338544 
Action prob: 0.215052 0.263455 0.213873 0.30762 
Action prob: 0.186771 0.210408 0.191624 0.411197 
Action prob: 0.171177 0.175115 0.170144 0.483564 
Action prob: 0.154982 0.171058 0.21538 0.45858 
Action prob: 0.173037 0.189921 0.217289 0.419752 
Action prob: 0.202406 0.22793 0.232645 0.33702 
Action prob: 0.215052 0.263456 0.213873 0.307619 
Action prob: 0.186771 0.210408 0.191624 0.411197 
Action prob: 0.171177 0.175115 0.170144 0.483564 
Action prob: 0.15587 0.172196 0.22044 0.451493 
Action prob: 0.173036 0.189919 0.217286 0.419759 
Action prob: 0.202602 0.228563 0.231748 0.337087 
Action prob: 0.215035 0.263385 0.213856 0.307724 
Action prob: 0.186771 0.210408 0.191624 0.411197 
Action prob: 0.171177 0.175115 0.170144 0.483564 
Action prob: 0.155786 0.171982 0.221365 0.450867 
Action prob: 0.173019 0.1899 0.217296 0.419784 
Action prob: 0.191714 0.211574 0.216473 0.380239 
Action prob: 0.215051 0.263452 0.213872 0.307625 
Action prob: 0.186771 0.210408 0.191624 0.411197 
Action prob: 0.171177 0.175115 0.170144 0.483564 
Action prob: 0.157242 0.173085 0.21789 0.451783 
Action prob: 0.16806 0.184233 0.218394 0.429313 
Action prob: 0.192505 0.212747 0.21753 0.377218 
Action prob: 0.215043 0.263412 0.213865 0.30768 
Action prob: 0.186771 0.210408 0.191624 0.411197 
Action prob: 0.171177 0.175115 0.170144 0.483564 
Action prob: 0.15583 0.172095 0.220929 0.451146 
Action prob: 0.16442 0.179935 0.218988 0.436657 
Action prob: 0.201352 0.226573 0.229472 0.342603 
Action prob: 0.214988 0.263128 0.213816 0.308068 
Action prob: 0.186771 0.210408 0.191624 0.411197 
Action prob: 0.171189 0.175125 0.170162 0.483524 
Action prob: 0.151716 0.166218 0.23953 0.442535 
Action prob: 0.164423 0.179934 0.218996 0.436647 
Action prob: 0.192043 0.212062 0.216908 0.378988 
Action prob: 0.215051 0.263445 0.213873 0.307631 
Action prob: 0.186771 0.210408 0.191624 0.411197 
Action prob: 0.175418 0.178734 0.177482 0.468366 
Action prob: 0.15028 0.164195 0.244842 0.440683 
Action prob: 0.164416 0.179931 0.218989 0.436664 
Action prob: 0.196555 0.218779 0.225073 0.359594 
Action prob: 0.215047 0.263424 0.213869 0.30766 
Action prob: 0.186771 0.210408 0.191624 0.411197 
Action prob: 0.175559 0.178846 0.177785 0.46781 
Action prob: 0.155639 0.1719 0.221525 0.450935 
Action prob: 0.164416 0.17993 0.218989 0.436665 
Action prob: 0.199335 0.223248 0.226675 0.350742 
Action prob: 0.215052 0.263451 0.213873 0.307624 
Action prob: 0.186771 0.210408 0.191624 0.411197 
Action prob: 0.17556 0.178847 0.177786 0.467806 
Action prob: 0.151355 0.165696 0.241298 0.441651 
Action prob: 0.164421 0.179933 0.218994 0.436653 
Action prob: 0.191711 0.21157 0.216461 0.380259 
Action prob: 0.214961 0.262565 0.213851 0.308623 
Action prob: 0.186771 0.210408 0.191624 0.411197 
Action prob: 0.175558 0.178845 0.177782 0.467815 
Action prob: 0.149336 0.162852 0.248368 0.439444 
Action prob: 0.166297 0.180778 0.220785 0.432139 
Action prob: 0.191713 0.211576 0.216473 0.380237 
Action prob: 0.215048 0.263448 0.213868 0.307636 
Action prob: 0.186771 0.210408 0.191624 0.411197 
Action prob: 0.176162 0.179599 0.178385 0.465854 
Action prob: 0.150502 0.16377 0.246377 0.439351 
Action prob: 0.16931 0.181649 0.22478 0.424261 
Action prob: 0.191711 0.211571 0.216461 0.380256 
Action prob: 0.215025 0.263408 0.213837 0.30773 
Action prob: 0.186771 0.210408 0.191624 0.411197 
Action prob: 0.177114 0.180791 0.179336 0.46276 
Action prob: 0.155335 0.167901 0.236258 0.440506 
Action prob: 0.169321 0.18165 0.224801 0.424228 
Action prob: 0.191894 0.211964 0.217143 0.378999 
Action prob: 0.215052 0.263456 0.213873 0.307619 
Action prob: 0.186771 0.210408 0.191624 0.411197 
Action prob: 0.17556 0.178847 0.177786 0.467807 
Action prob: 0.150319 0.163607 0.246611 0.439464 
Action prob: 0.16932 0.18165 0.224801 0.424229 
Action prob: 0.191713 0.211574 0.216465 0.380249 
Action prob: 0.215052 0.263455 0.213873 0.307621 
Action prob: 0.186771 0.210408 0.191624 0.411197 
Action prob: 0.181832 0.186793 0.184079 0.447295 
Action prob: 0.150255 0.163556 0.246723 0.439466 
Action prob: 0.169323 0.181653 0.224795 0.424229 
Action prob: 0.191736 0.211625 0.21656 0.380078 
Action prob: 0.215052 0.263456 0.213873 0.307619 
Action prob: 0.186771 0.210408 0.191624 0.411197 
Action prob: 0.175855 0.179214 0.178079 0.466852 
Action prob: 0.149323 0.162812 0.248217 0.439648 
Action prob: 0.173316 0.185746 0.215991 0.424947 
Action prob: 0.192142 0.212492 0.217926 0.37744 
Action prob: 0.215052 0.263456 0.213873 0.307619 
Action prob: 0.186771 0.210408 0.191624 0.411197 
Action prob: 0.184531 0.190307 0.186808 0.438354 
Action prob: 0.151183 0.164318 0.245072 0.439428 
Action prob: 0.169325 0.181654 0.22479 0.42423 
Action prob: 0.191717 0.211583 0.216482 0.380218 
Action prob: 0.215051 0.263445 0.213872 0.307632 
Action prob: 0.186771 0.210408 0.191624 0.411197 
Action prob: 0.183045 0.188365 0.185305 0.443285 
Action prob: 0.149709 0.164227 0.250151 0.435913 
Action prob: 0.173254 0.185681 0.216108 0.424956 
Action prob: 0.191712 0.211572 0.216462 0.380255 
Action prob: 0.214953 0.263258 0.213746 0.308043 
Action prob: 0.186771 0.210408 0.191624 0.411197 
Action prob: 0.17625 0.179709 0.178473 0.465568 
Action prob: 0.14927 0.162794 0.248358 0.439578 
Action prob: 0.173666 0.186118 0.215337 0.424879 
Action prob: 0.191711 0.211571 0.21646 0.380257 
Action prob: 0.214426 0.25722 0.21377 0.314584 
Action prob: 0.186771 0.210408 0.191624 0.411197 
Action prob: 0.175559 0.178845 0.177785 0.467811 
Action prob: 0.149425 0.163276 0.249003 0.438296 
Action prob: 0.17385 0.188825 0.215939 0.421385 
Action prob: 0.191711 0.211571 0.21646 0.380257 
Action prob: 0.214545 0.258434 0.213778 0.313243 
Action prob: 0.186771 0.210408 0.191624 0.411197 
Action prob: 0.175503 0.178802 0.177664 0.468032 
Action prob: 0.149907 0.165008 0.250951 0.434134 
Action prob: 0.173039 0.189921 0.217289 0.41975 
Action prob: 0.191711 0.211571 0.21646 0.380257 
Action prob: 0.214713 0.260134 0.2138 0.311352 
Action prob: 0.186771 0.210408 0.191624 0.411197 
Action prob: 0.174522 0.178007 0.175718 0.471753 
Action prob: 0.150787 0.163999 0.245817 0.439396 
Action prob: 0.173038 0.189922 0.217291 0.41975 
Action prob: 0.191711 0.211571 0.216461 0.380257 
Action prob: 0.214326 0.256143 0.21377 0.31576 
Action prob: 0.186771 0.210408 0.191624 0.411197 
Action prob: 0.170521 0.174542 0.170082 0.484855 
Action prob: 0.14976 0.164279 0.250101 0.43586 
Action prob: 0.172969 0.18988 0.217305 0.419845 
Action prob: 0.191711 0.211571 0.216461 0.380257 
Action prob: 0.214326 0.256143 0.21377 0.31576 
Action prob: 0.186771 0.210408 0.191624 0.411197 
Action prob: 0.171149 0.175086 0.170126 0.48364 
Action prob: 0.149299 0.16281 0.248348 0.439543 
Action prob: 0.17298 0.189887 0.217303 0.419829 
Action prob: 0.191712 0.211571 0.216461 0.380256 
Action prob: 0.214326 0.256143 0.21377 0.315761 
Action prob: 0.186771 0.210408 0.191624 0.411197 
Action prob: 0.171112 0.175047 0.170103 0.483738 
Action prob: 0.155082 0.172184 0.230919 0.441816 
Action prob: 0.170977 0.188599 0.217468 0.422956 
Action prob: 0.191711 0.211571 0.21646 0.380257 
Action prob: 0.214326 0.256143 0.21377 0.31576 
Action prob: 0.186771 0.210408 0.191624 0.411197 
Action prob: 0.171179 0.175117 0.170147 0.483556 
Action prob: 0.157648 0.178253 0.225913 0.438186 
Action prob: 0.173014 0.189907 0.217296 0.419783 
Action prob: 0.191712 0.211571 0.216461 0.380256 
Action prob: 0.214969 0.262645 0.213853 0.308534 
Action prob: 0.186771 0.210408 0.191624 0.411197 
Action prob: 0.171179 0.175117 0.170146 0.483558 
Action prob: 0.156066 0.172992 0.222603 0.448339 
Action prob: 0.170805 0.188484 0.217468 0.423242 
Action prob: 0.191711 0.211571 0.216461 0.380256 
Action prob: 0.215049 0.263427 0.213873 0.307651 
Action prob: 0.186746 0.210369 0.191597 0.411289 
Action prob: 0.171201 0.175137 0.170181 0.483481 
Action prob: 0.155119 0.172612 0.229512 0.442757 
Action prob: 0.17302 0.189911 0.217295 0.419774 
Action prob: 0.191711 0.211571 0.216461 0.380257 
Action prob: 0.215052 0.263455 0.213873 0.307619 
Action prob: 0.171795 0.189062 0.176047 0.463096 
Action prob: 0.174297 0.17782 0.175304 0.472579 
Action prob: 0.150814 0.167578 0.21469 0.466918 
Action prob: 0.173037 0.189922 0.217291 0.41975 
Action prob: 0.191712 0.211572 0.216461 0.380255 
Action prob: 0.215051 0.263451 0.213872 0.307625 
Action prob: 0.171789 0.189053 0.17604 0.463118 
Action prob: 0.171177 0.175115 0.170144 0.483564 
Action prob: 0.145158 0.160832 0.192804 0.501206 
Action prob: 0.172982 0.189888 0.217303 0.419828 
Action prob: 0.191711 0.211571 0.21646 0.380257 
Action prob: 0.215052 0.263463 0.213873 0.307611 
Action prob: 0.171789 0.189053 0.17604 0.463118 
Action prob: 0.173026 0.176736 0.173102 0.477137 
Action prob: 0.156486 0.17399 0.222608 0.446916 
Action prob: 0.171494 0.188941 0.217458 0.422107 
Action prob: 0.191711 0.211571 0.21646 0.380257 
Action prob: 0.215052 0.263456 0.213873 0.307618 
Action prob: 0.17179 0.189055 0.176042 0.463112 
Action prob: 0.17118 0.175118 0.170148 0.483555 
Action prob: 0.156381 0.179178 0.205828 0.458612 
Action prob: 0.171575 0.188994 0.217455 0.421976 
Action prob: 0.191712 0.211571 0.216461 0.380256 
Action prob: 0.215052 0.263457 0.213873 0.307618 
Action prob: 0.171822 0.189098 0.176075 0.463005 
Action prob: 0.171254 0.175183 0.170263 0.483299 
Action prob: 0.155826 0.178893 0.200144 0.465137 
Action prob: 0.172836 0.189799 0.21733 0.420034 
Action prob: 0.191715 0.21158 0.216477 0.380228 
Action prob: 0.214662 0.266317 0.213286 0.305735 
Action prob: 0.171798 0.189066 0.17605 0.463086 
Action prob: 0.171178 0.175116 0.170146 0.48356 
Action prob: 0.157731 0.179336 0.225871 0.437062 
Action prob: 0.173046 0.189912 0.217275 0.419766 
Action prob: 0.191745 0.211664 0.216649 0.379942 
Action prob: 0.214628 0.262173 0.213603 0.309596 
Action prob: 0.1802 0.20074 0.184771 0.434289 
Action prob: 0.171967 0.175813 0.171385 0.480835 
Action prob: 0.157553 0.178652 0.226649 0.437147 
Action prob: 0.168608 0.187005 0.217398 0.426988 
Action prob: 0.191764 0.211687 0.216677 0.379872 
Action prob: 0.214333 0.256239 0.213769 0.31566 
Action prob: 0.180905 0.201752 0.185504 0.431839 
Action prob: 0.171731 0.175605 0.171011 0.481653 
Action prob: 0.155673 0.171913 0.221567 0.450846 
Action prob: 0.168129 0.186681 0.217374 0.427817 
Action prob: 0.19305 0.21437 0.219773 0.372806 
Action prob: 0.214304 0.256067 0.213752 0.315878 
Action prob: 0.186349 0.209768 0.191182 0.412702 
Action prob: 0.174128 0.177677 0.174997 0.473198 
Action prob: 0.155698 0.171962 0.220655 0.451685 
Action prob: 0.166618 0.185668 0.217299 0.430415 
Action prob: 0.191722 0.211601 0.216522 0.380155 
Action prob: 0.20912 0.24115 0.209579 0.340151 
Action prob: 0.17179 0.189055 0.176041 0.463115 
Action prob: 0.171181 0.175118 0.170149 0.483552 
Action prob: 0.15508 0.172315 0.227181 0.445424 
Action prob: 0.16691 0.185863 0.217313 0.429914 
Action prob: 0.191712 0.211573 0.216465 0.380249 
Action prob: 0.21096 0.245723 0.211026 0.332291 
Action prob: 0.171789 0.189054 0.17604 0.463117 
Action prob: 0.171851 0.175711 0.171201 0.481237 
Action prob: 0.147031 0.16224 0.18702 0.50371 
Action prob: 0.172296 0.18946 0.217405 0.420839 
Action prob: 0.191723 0.211589 0.216479 0.380209 
Action prob: 0.212427 0.251705 0.212033 0.323835 
Action prob: 0.171793 0.18906 0.176045 0.463102 
Action prob: 0.171361 0.175278 0.17043 0.48293 
Action prob: 0.147965 0.163073 0.186168 0.502794 
Action prob: 0.173377 0.189718 0.2154 0.421505 
Action prob: 0.191712 0.211572 0.216463 0.380253 
Action prob: 0.21468 0.267489 0.213139 0.304691 
Action prob: 0.171789 0.189053 0.17604 0.463118 
Action prob: 0.171305 0.175228 0.170342 0.483125 
Action prob: 0.146955 0.162168 0.186948 0.503929 
Action prob: 0.17392 0.188113 0.207432 0.430534 
Action prob: 0.191726 0.211592 0.21648 0.380202 
Action prob: 0.213989 0.272029 0.212064 0.301918 
Action prob: 0.171789 0.189053 0.17604 0.463118 
Action prob: 0.171188 0.175125 0.170161 0.483526 
Action prob: 0.142284 0.158035 0.191138 0.508542 
Action prob: 0.173037 0.18992 0.217284 0.419759 
Action prob: 0.191715 0.211577 0.216467 0.380241 
Action prob: 0.214371 0.258978 0.213567 0.313084 
Action prob: 0.171827 0.189105 0.17608 0.462988 
Action prob: 0.171177 0.175115 0.170144 0.483564 
Action prob: 0.161463 0.176251 0.216317 0.445969 
Action prob: 0.159039 0.173487 0.212611 0.454863 
Action prob: 0.1375 0.153325 0.189749 0.519425 
Action prob: 0.168251 0.184827 0.215425 0.431496 
Action prob: 0.186872 0.205339 0.21274 0.395049 
Action prob: 0.213161 0.277278 0.210716 0.298845 
Action prob: 0.165694 0.181014 0.169295 0.483997 
Action prob: 0.167295 0.170473 0.166053 0.496179 
Action prob: 0.136194 0.154765 0.176262 0.532779 
Action prob: 0.168719 0.184631 0.213133 0.433517 
Action prob: 0.198494 0.22336 0.228287 0.349859 
Action prob: 0.213207 0.277595 0.210762 0.298437 
Action prob: 0.165694 0.181014 0.169295 0.483997 
Action prob: 0.168049 0.171176 0.167253 0.493522 
Action prob: 0.137749 0.153801 0.187674 0.520776 
Action prob: 0.168742 0.184733 0.213531 0.432994 
Action prob: 0.198643 0.223615 0.228492 0.34925 
Action prob: 0.212053 0.270741 0.209618 0.307588 
Action prob: 0.165694 0.181014 0.169295 0.483997 
Action prob: 0.167295 0.170473 0.166053 0.496179 
Action prob: 0.138357 0.154799 0.18886 0.517984 
Action prob: 0.168396 0.184908 0.215364 0.431332 
Action prob: 0.19369 0.215606 0.221842 0.368862 
Action prob: 0.213117 0.277048 0.210668 0.299167 
Action prob: 0.165694 0.181014 0.169295 0.483997 
Action prob: 0.167295 0.170473 0.166053 0.496179 
Action prob: 0.137384 0.153238 0.189982 0.519396 
Action prob: 0.16833 0.184935 0.215691 0.431044 
Action prob: 0.198856 0.223979 0.228786 0.34838 
Action prob: 0.213204 0.277581 0.210759 0.298456 
Action prob: 0.165694 0.181014 0.169295 0.483997 
Action prob: 0.167295 0.170473 0.166053 0.496179 
Action prob: 0.138045 0.154042 0.188997 0.518917 
Action prob: 0.169143 0.181313 0.198998 0.450546 
Action prob: 0.198871 0.224004 0.228807 0.348318 
Action prob: 0.213179 0.277427 0.210732 0.298662 
Action prob: 0.165694 0.181014 0.169295 0.483997 
Action prob: 0.167378 0.170551 0.166185 0.495886 
Action prob: 0.1396 0.1551 0.187106 0.518194 
Action prob: 0.169143 0.181312 0.198995 0.450549 
Action prob: 0.19893 0.224368 0.229648 0.347054 
Action prob: 0.213205 0.277595 0.210759 0.29844 
Action prob: 0.165694 0.181014 0.169295 0.483997 
Action prob: 0.167295 0.170473 0.166053 0.496179 
Action prob: 0.137498 0.153323 0.189757 0.519422 
Action prob: 0.169281 0.181491 0.199228 0.450001 
Action prob: 0.199076 0.225486 0.232313 0.343125 
Action prob: 0.213204 0.277547 0.210759 0.29849 
Action prob: 0.165694 0.181014 0.169295 0.483997 
Action prob: 0.167295 0.170473 0.166053 0.496179 
Action prob: 0.141173 0.156439 0.185195 0.517193 
Action prob: 0.171094 0.183874 0.202382 0.442651 
Action prob: 0.198284 0.229777 0.2462 0.325739 
Action prob: 0.213158 0.277518 0.210695 0.298629 
Action prob: 0.165694 0.181014 0.169295 0.483997 
Action prob: 0.167295 0.170473 0.166053 0.496179 
Action prob: 0.141497 0.156718 0.184842 0.516943 
Action prob: 0.169711 0.182051 0.199959 0.44828 
Action prob: 0.19859 0.227026 0.239852 0.334532 
Action prob: 0.2132 0.277586 0.210752 0.298462 
Action prob: 0.165694 0.181014 0.169295 0.483997 
Action prob: 0.167347 0.170522 0.166136 0.495994 
Action prob: 0.142757 0.157807 0.183541 0.515896 
Action prob: 0.169144 0.181304 0.198986 0.450565 
Action prob: 0.198397 0.223535 0.229146 0.348922 
Action prob: 0.213207 0.277595 0.210762 0.298436 
Action prob: 0.165694 0.181014 0.169295 0.483997 
Action prob: 0.167303 0.170481 0.166066 0.496149 
Action prob: 0.142757 0.157807 0.183541 0.515896 
Action prob: 0.169143 0.181306 0.198988 0.450563 
Action prob: 0.198741 0.223868 0.228696 0.348695 
Action prob: 0.213195 0.277487 0.21075 0.298568 
Action prob: 0.165694 0.181014 0.169295 0.483997 
Action prob: 0.170863 0.173736 0.172038 0.483363 
Action prob: 0.142756 0.157807 0.183541 0.515896 
Action prob: 0.16886 0.179412 0.197939 0.453789 
Action prob: 0.198138 0.223239 0.227941 0.350681 
Action prob: 0.213207 0.277598 0.210762 0.298432 
Action prob: 0.165694 0.181014 0.169295 0.483997 
Action prob: 0.171958 0.174688 0.174178 0.479175 
Action prob: 0.142756 0.157806 0.183541 0.515896 
Action prob: 0.167921 0.177167 0.198186 0.456725 
Action prob: 0.19838 0.223458 0.228219 0.349943 
Action prob: 0.213206 0.277597 0.21076 0.298437 
Action prob: 0.165694 0.181014 0.169295 0.483997 
Action prob: 0.172058 0.174773 0.174387 0.478783 
Action prob: 0.142757 0.157807 0.18354 0.515895 
Action prob: 0.167922 0.177169 0.198186 0.456723 
Action prob: 0.194577 0.219619 0.223532 0.362271 
Action prob: 0.213005 0.27728 0.210488 0.299227 
Action prob: 0.165694 0.181014 0.169295 0.483998 
Action prob: 0.172058 0.174773 0.174387 0.478783 
Action prob: 0.142757 0.157808 0.18354 0.515895 
Action prob: 0.16792 0.177162 0.198193 0.456724 
Action prob: 0.194244 0.218315 0.224672 0.362769 
Action prob: 0.213206 0.277597 0.210761 0.298437 
Action prob: 0.165694 0.181014 0.169295 0.483997 
Action prob: 0.172058 0.174773 0.174387 0.478783 
Action prob: 0.142757 0.157807 0.183539 0.515896 
Action prob: 0.167917 0.177158 0.198189 0.456737 
Action prob: 0.197639 0.222226 0.228469 0.351666 
Action prob: 0.213207 0.277598 0.210762 0.298432 
Action prob: 0.165694 0.181014 0.169295 0.483998 
Action prob: 0.172051 0.174766 0.174381 0.478802 
Action prob: 0.142746 0.157797 0.183551 0.515906 
Action prob: 0.168578 0.177956 0.198891 0.454574 
Action prob: 0.198378 0.223162 0.228263 0.350198 
Action prob: 0.213207 0.277599 0.210762 0.298431 
Action prob: 0.165694 0.181014 0.169295 0.483997 
Action prob: 0.172058 0.174773 0.174387 0.478783 
Action prob: 0.139942 0.155201 0.185431 0.519425 
Action prob: 0.175352 0.186385 0.206921 0.431341 
Action prob: 0.19227 0.215198 0.2249 0.367632 
Action prob: 0.213207 0.277599 0.210762 0.298431 
Action prob: 0.165693 0.181014 0.169295 0.483998 
Action prob: 0.172054 0.174768 0.174384 0.478794 
Action prob: 0.142664 0.157605 0.182862 0.516869 
Action prob: 0.168167 0.177486 0.198637 0.455709 
Action prob: 0.187862 0.207999 0.218189 0.38595 
Action prob: 0.213207 0.277599 0.210762 0.298431 
Action prob: 0.165694 0.181014 0.169295 0.483997 
Action prob: 0.172021 0.174735 0.174357 0.478887 
Action prob: 0.142756 0.157802 0.18351 0.515932 
Action prob: 0.176754 0.190585 0.220917 0.411744 
Action prob: 0.1877 0.208082 0.219084 0.385134 
Action prob: 0.213207 0.277599 0.210762 0.298431 
Action prob: 0.165694 0.181014 0.169295 0.483997 
Action prob: 0.172046 0.17476 0.174377 0.478817 
Action prob: 0.142757 0.157807 0.183541 0.515896 
Action prob: 0.169491 0.181947 0.214333 0.434229 
Action prob: 0.187537 0.207711 0.218406 0.386347 
Action prob: 0.213203 0.277513 0.210759 0.298526 
Action prob: 0.165695 0.181016 0.169296 0.483994 
Action prob: 0.167341 0.170517 0.166127 0.496016 
Action prob: 0.142733 0.157786 0.183564 0.515917 
Action prob: 0.170695 0.183234 0.215657 0.430414 
Action prob: 0.188058 0.209583 0.222877 0.379483 
Action prob: 0.212899 0.270125 0.21057 0.306406 
Action prob: 0.167593 0.18358 0.171272 0.477555 
Action prob: 0.167319 0.170496 0.166093 0.496091 
Action prob: 0.142755 0.157807 0.183548 0.51589 
Action prob: 0.16844 0.184884 0.215575 0.431101 
Action prob: 0.187003 0.205876 0.214094 0.393028 
Action prob: 0.211026 0.260073 0.209176 0.319726 
Action prob: 0.166002 0.181429 0.169616 0.482954 
Action prob: 0.167295 0.170473 0.166053 0.496179 
Action prob: 0.142819 0.157966 0.183602 0.515613 
Action prob: 0.168332 0.184934 0.215691 0.431043 
Action prob: 0.187341 0.206946 0.216506 0.389207 
Action prob: 0.209754 0.255825 0.208188 0.326233 
Action prob: 0.165694 0.181014 0.169295 0.483997 
Action prob: 0.167295 0.170473 0.166053 0.496179 
Action prob: 0.142757 0.157808 0.18354 0.515895 
Action prob: 0.169354 0.181709 0.214235 0.434701 
Action prob: 0.188541 0.209013 0.217681 0.384765 
Action prob: 0.21301 0.274457 0.210603 0.30193 
Action prob: 0.165694 0.181014 0.169295 0.483997 
Action prob: 0.167295 0.170473 0.166053 0.496179 
Action prob: 0.143011 0.158274 0.183996 0.514719 
Action prob: 0.169356 0.183791 0.214409 0.432443 
Action prob: 0.189036 0.210264 0.21954 0.38116 
Action prob: 0.212943 0.270297 0.210608 0.306152 
Action prob: 0.165694 0.181015 0.169295 0.483996 
Action prob: 0.167295 0.170473 0.166053 0.496179 
Action prob: 0.154883 0.17826 0.211457 0.4554 
Action prob: 0.16833 0.184935 0.215693 0.431042 
Action prob: 0.188636 0.209032 0.216984 0.385347 
Action prob: 0.212948 0.27226 0.210567 0.304225 
Action prob: 0.180557 0.201898 0.184771 0.432774 
Action prob: 0.167293 0.170471 0.166052 0.496185 
Action prob: 0.154888 0.178272 0.211469 0.455371 
Action prob: 0.168335 0.184933 0.215688 0.431045 
Action prob: 0.189316 0.21123 0.221651 0.377803 
Action prob: 0.21302 0.27287 0.210647 0.303463 
Action prob: 0.177692 0.197705 0.181781 0.442823 
Action prob: 0.167296 0.170474 0.166055 0.496175 
Action prob: 0.154882 0.178255 0.211457 0.455406 
Action prob: 0.16833 0.184935 0.215693 0.431042 
Action prob: 0.188593 0.208904 0.216726 0.385777 
Action prob: 0.212955 0.270952 0.21061 0.305484 
Action prob: 0.180705 0.202118 0.184926 0.43225 
Action prob: 0.167296 0.170475 0.166055 0.496174 
Action prob: 0.153534 0.176016 0.20778 0.46267 
Action prob: 0.16833 0.184935 0.215692 0.431043 
Action prob: 0.18878 0.209151 0.216925 0.385144 
Action prob: 0.213197 0.277565 0.210748 0.29849 
Action prob: 0.180739 0.202169 0.184962 0.43213 
Action prob: 0.167295 0.170473 0.166053 0.496179 
Action prob: 0.153739 0.176938 0.207982 0.46134 
Action prob: 0.16833 0.184935 0.215693 0.431042 
Action prob: 0.197296 0.221604 0.22807 0.35303 
Action prob: 0.213175 0.277546 0.210718 0.298562 
Action prob: 0.180356 0.201601 0.184561 0.433483 
Action prob: 0.167312 0.17049 0.166081 0.496118 
Action prob: 0.147279 0.16301 0.194995 0.494716 
Action prob: 0.168337 0.184932 0.215665 0.431066 
Action prob: 0.195885 0.21949 0.226349 0.358275 
Action prob: 0.213202 0.277463 0.210758 0.298577 
Action prob: 0.176549 0.196058 0.18059 0.446803 
Action prob: 0.167333 0.170509 0.166114 0.496043 
Action prob: 0.142758 0.157808 0.183541 0.515894 
Action prob: 0.168811 0.184641 0.215154 0.431395 
Action prob: 0.189533 0.210602 0.219089 0.380776 
Action prob: 0.213048 0.27364 0.210662 0.30265 
Action prob: 0.180823 0.202293 0.185049 0.431835 
Action prob: 0.16785 0.170992 0.166935 0.494223 
Action prob: 0.142831 0.157892 0.183728 0.515549 
Action prob: 0.16833 0.184935 0.215692 0.431043 
Action prob: 0.198253 0.223563 0.23062 0.347564 
Action prob: 0.212921 0.268331 0.210596 0.308152 
Action prob: 0.180798 0.202255 0.185023 0.431924 
Action prob: 0.167324 0.170505 0.166087 0.496083 
Action prob: 0.1429 0.157972 0.183904 0.515224 
Action prob: 0.169153 0.181337 0.199057 0.450453 
Action prob: 0.196836 0.220926 0.227556 0.354683 
Action prob: 0.212927 0.26931 0.210601 0.307162 
Action prob: 0.180823 0.202293 0.18505 0.431834 
Action prob: 0.168912 0.172126 0.168163 0.490799 
Action prob: 0.14387 0.159081 0.186375 0.510673 
Action prob: 0.168337 0.184932 0.215665 0.431066 
Action prob: 0.198017 0.222708 0.228955 0.350321 
Action prob: 0.212921 0.268442 0.210596 0.308041 
Action prob: 0.180823 0.202293 0.18505 0.431834 
Action prob: 0.169315 0.171987 0.172166 0.486532 
Action prob: 0.143788 0.158987 0.186164 0.511062 
Action prob: 0.169144 0.181307 0.198991 0.450558 
Action prob: 0.198018 0.222709 0.228954 0.35032 
Action prob: 0.213197 0.277356 0.210755 0.298691 
Action prob: 0.180823 0.202293 0.185049 0.431834 
Action prob: 0.169335 0.172309 0.172892 0.485464 
Action prob: 0.142803 0.15786 0.183656 0.515682 
Action prob: 0.169143 0.181313 0.198997 0.450546 
Action prob: 0.198016 0.222702 0.228941 0.35034 
Action prob: 0.212972 0.271389 0.210622 0.305016 
Action prob: 0.18082 0.202289 0.185047 0.431844 
Action prob: 0.171788 0.174519 0.174008 0.479686 
Action prob: 0.150186 0.166156 0.202391 0.481266 
Action prob: 0.169143 0.181312 0.198995 0.45055 
Action prob: 0.19731 0.221849 0.228139 0.352702 
Action prob: 0.21317 0.27754 0.210712 0.298578 
Action prob: 0.180823 0.202293 0.18505 0.431834 
Action prob: 0.162106 0.164934 0.166679 0.506281 
Action prob: 0.142819 0.157878 0.183697 0.515605 
Action prob: 0.169055 0.180134 0.198155 0.452656 
Action prob: 0.19776 0.22239 0.22865 0.3512 
Action prob: 0.213207 0.277596 0.210762 0.298435 
Action prob: 0.180823 0.202293 0.18505 0.431834 
Action prob: 0.169309 0.173751 0.174117 0.482822 
Action prob: 0.142731 0.157768 0.183651 0.51585 
Action prob: 0.16914 0.180654 0.198434 0.451771 
Action prob: 0.19357 0.217535 0.222712 0.366183 
Action prob: 0.213207 0.277595 0.210762 0.298436 
Action prob: 0.180823 0.202293 0.18505 0.431834 
Action prob: 0.169116 0.173513 0.173919 0.483452 
Action prob: 0.142781 0.157835 0.183601 0.515783 
Action prob: 0.169143 0.181312 0.198995 0.45055 
Action prob: 0.193729 0.217732 0.224069 0.36447 
Action prob: 0.212921 0.268402 0.210596 0.308081 
Action prob: 0.180823 0.202293 0.18505 0.431834 
Action prob: 0.171559 0.176341 0.176438 0.475663 
Action prob: 0.142757 0.157807 0.183542 0.515895 
Action prob: 0.169148 0.181269 0.198948 0.450635 
Action prob: 0.19417 0.218217 0.223882 0.363731 
Action prob: 0.213171 0.276709 0.210738 0.299383 
Action prob: 0.180823 0.202293 0.18505 0.431834 
Action prob: 0.168957 0.173314 0.173755 0.483975 
Action prob: 0.142628 0.157613 0.184021 0.515737 
Action prob: 0.167915 0.177157 0.198187 0.456741 
Action prob: 0.193695 0.217722 0.224343 0.364239 
Action prob: 0.212921 0.268332 0.210596 0.308151 
Action prob: 0.180827 0.202298 0.185053 0.431822 
Action prob: 0.180192 0.18656 0.185606 0.447643 
Action prob: 0.136988 0.149317 0.202345 0.51135 
Action prob: 0.167915 0.177156 0.198188 0.456741 
Action prob: 0.197997 0.222679 0.228919 0.350405 
Action prob: 0.212921 0.26833 0.210596 0.308153 
Action prob: 0.184166 0.206943 0.188794 0.420097 
Action prob: 0.178052 0.183977 0.183292 0.454679 
Action prob: 0.136998 0.149331 0.202318 0.511354 
Action prob: 0.16947 0.181125 0.211434 0.437971 
Action prob: 0.198005 0.222689 0.228929 0.350378 
Action prob: 0.212921 0.268331 0.210596 0.308152 
Action prob: 0.18857 0.213213 0.193792 0.404425 
Action prob: 0.169803 0.174319 0.174625 0.481252 
Action prob: 0.136958 0.149273 0.202428 0.511341 
Action prob: 0.167977 0.177252 0.198398 0.456372 
Action prob: 0.196299 0.220606 0.226984 0.35611 
Action prob: 0.213097 0.27487 0.210691 0.301342 
Action prob: 0.183987 0.206692 0.188593 0.420729 
Action prob: 0.169347 0.173796 0.174157 0.4827 
Action prob: 0.136955 0.149268 0.20243 0.511347 
Action prob: 0.169405 0.180138 0.20665 0.443806 
Action prob: 0.197124 0.221344 0.22786 0.353672 
Action prob: 0.213124 0.27528 0.210721 0.300875 
Action prob: 0.190804 0.21647 0.19636 0.396365 
Action prob: 0.169455 0.174145 0.173651 0.482748 
Action prob: 0.137009 0.149347 0.202285 0.511359 
Action prob: 0.169319 0.181544 0.214279 0.434858 
Action prob: 0.191234 0.212698 0.220341 0.375728 
Action prob: 0.213135 0.27583 0.210714 0.300321 
Action prob: 0.19606 0.2244 0.202515 0.377025 
Action prob: 0.169328 0.173804 0.17405 0.482818 
Action prob: 0.135726 0.155337 0.177153 0.531784 
Action prob: 0.131733 0.150809 0.173395 0.544063 
Action prob: 0.126635 0.13429 0.195989 0.543087 
Action prob: 0.165352 0.177538 0.213056 0.444054 
Action prob: 0.189162 0.21102 0.221402 0.378415 
Action prob: 0.211033 0.269014 0.208016 0.311936 
Action prob: 0.191689 0.218589 0.197592 0.39213 
Action prob: 0.164643 0.170271 0.165596 0.499491 
Action prob: 0.132829 0.147175 0.186798 0.533198 
Action prob: 0.165395 0.178516 0.212711 0.443377 
Action prob: 0.185528 0.205668 0.216319 0.392484 
Action prob: 0.211027 0.268891 0.207999 0.312083 
Action prob: 0.191696 0.2186 0.1976 0.392103 
Action prob: 0.164641 0.17027 0.165591 0.499498 
Action prob: 0.133343 0.148043 0.187894 0.530719 
Action prob: 0.163974 0.180451 0.213668 0.441907 
Action prob: 0.185779 0.206038 0.216685 0.391498 
Action prob: 0.211187 0.272156 0.208278 0.30838 
Action prob: 0.176092 0.196079 0.179843 0.447986 
Action prob: 0.163431 0.168729 0.164332 0.503507 
Action prob: 0.130776 0.140654 0.184593 0.543977 
Action prob: 0.164204 0.180372 0.213493 0.441931 
Action prob: 0.185409 0.205492 0.216144 0.392955 
Action prob: 0.211563 0.278131 0.208729 0.301577 
Action prob: 0.176043 0.196012 0.179789 0.448156 
Action prob: 0.172299 0.179003 0.17318 0.475518 
Action prob: 0.137488 0.152267 0.181796 0.528449 
Action prob: 0.164089 0.180414 0.213581 0.441915 
Action prob: 0.185409 0.205492 0.216144 0.392955 
Action prob: 0.211608 0.278841 0.208781 0.30077 
Action prob: 0.176042 0.196012 0.179788 0.448158 
Action prob: 0.162749 0.166531 0.163065 0.507655 
Action prob: 0.133957 0.146086 0.183157 0.5368 
Action prob: 0.16537 0.177687 0.212983 0.44396 
Action prob: 0.184196 0.204062 0.215401 0.396341 
Action prob: 0.211608 0.278823 0.20878 0.300789 
Action prob: 0.176044 0.196014 0.17979 0.448152 
Action prob: 0.168078 0.1743 0.169055 0.488566 
Action prob: 0.128827 0.137505 0.185634 0.548034 
Action prob: 0.164026 0.180433 0.213623 0.441918 
Action prob: 0.184703 0.204685 0.215747 0.394864 
Action prob: 0.211549 0.278392 0.208721 0.301338 
Action prob: 0.176042 0.196012 0.179788 0.448158 
Action prob: 0.165679 0.169736 0.169907 0.494678 
Action prob: 0.128671 0.13709 0.185675 0.548564 
Action prob: 0.165393 0.177596 0.213034 0.443977 
Action prob: 0.183283 0.203575 0.216365 0.396776 
Action prob: 0.211608 0.27884 0.208781 0.300772 
Action prob: 0.176044 0.196014 0.17979 0.448153 
Action prob: 0.165256 0.169143 0.169833 0.495768 
Action prob: 0.12874 0.136934 0.184153 0.550172 
Action prob: 0.165356 0.177523 0.213053 0.444068 
Action prob: 0.179324 0.197765 0.201818 0.421094 
Action prob: 0.211609 0.278836 0.208782 0.300774 
Action prob: 0.176042 0.196012 0.179788 0.448158 
Action prob: 0.16543 0.169337 0.169992 0.495241 
Action prob: 0.130881 0.135627 0.164167 0.569324 
Action prob: 0.165349 0.177512 0.21307 0.44407 
Action prob: 0.179214 0.197349 0.211363 0.412074 
Action prob: 0.211623 0.278518 0.208819 0.301041 
Action prob: 0.176046 0.196017 0.179793 0.448144 
Action prob: 0.165452 0.169363 0.170014 0.495172 
Action prob: 0.127543 0.133899 0.185101 0.553457 
Action prob: 0.165348 0.177511 0.21307 0.444071 
Action prob: 0.179214 0.197349 0.211362 0.412075 
Action prob: 0.211608 0.278843 0.208781 0.300768 
Action prob: 0.176043 0.196012 0.179789 0.448156 
Action prob: 0.16523 0.169097 0.169761 0.495912 
Action prob: 0.133045 0.147453 0.185207 0.534296 
Action prob: 0.165375 0.177736 0.21296 0.443928 
Action prob: 0.179214 0.197349 0.211362 0.412075 
Action prob: 0.211608 0.278843 0.208781 0.300768 
Action prob: 0.176042 0.196012 0.179788 0.448158 
Action prob: 0.156472 0.159813 0.156997 0.526717 
Action prob: 0.139378 0.154377 0.205962 0.500283 
Action prob: 0.16397 0.180451 0.213669 0.441909 
Action prob: 0.179235 0.19751 0.208113 0.415142 
Action prob: 0.211608 0.278843 0.208781 0.300768 
Action prob: 0.176042 0.196012 0.179788 0.448158 
Action prob: 0.135843 0.136508 0.137681 0.589968 
Action prob: 0.139278 0.154063 0.204235 0.502424 
Action prob: 0.163966 0.180453 0.213672 0.441909 
Action prob: 0.179249 0.197597 0.205899 0.417255 
Action prob: 0.211608 0.278842 0.208781 0.300769 
Action prob: 0.176042 0.196012 0.179788 0.448158 
Action prob: 0.143907 0.14455 0.146125 0.565418 
Action prob: 0.139295 0.154293 0.205789 0.500623 
Action prob: 0.161786 0.17744 0.206152 0.454623 
Action prob: 0.179219 0.197356 0.21132 0.412105 
Action prob: 0.211607 0.278837 0.20878 0.300776 
Action prob: 0.176042 0.196012 0.179788 0.448158 
Action prob: 0.144126 0.144889 0.147098 0.563886 
Action prob: 0.139305 0.153911 0.217952 0.488832 
Action prob: 0.159652 0.174751 0.19862 0.466977 
Action prob: 0.181025 0.197972 0.206744 0.414259 
Action prob: 0.211603 0.278811 0.208775 0.300811 
Action prob: 0.176042 0.196012 0.179788 0.448158 
Action prob: 0.14478 0.145771 0.148989 0.560459 
Action prob: 0.143338 0.153935 0.199537 0.503189 
Action prob: 0.156262 0.176835 0.196507 0.470395 
Action prob: 0.179821 0.196884 0.195476 0.427819 
Action prob: 0.206099 0.256632 0.203411 0.333857 
Action prob: 0.176042 0.196011 0.179787 0.44816 
Action prob: 0.136502 0.137107 0.13814 0.58825 
Action prob: 0.139085 0.143056 0.170926 0.546933 
Action prob: 0.157378 0.17474 0.196136 0.471746 
Action prob: 0.179606 0.196606 0.193346 0.430442 
Action prob: 0.206017 0.256384 0.203334 0.334264 
Action prob: 0.176042 0.196012 0.179788 0.448158 
Action prob: 0.139671 0.13999 0.140463 0.579877 
Action prob: 0.142735 0.151493 0.188254 0.517518 
Action prob: 0.164842 0.193725 0.200421 0.441011 
Action prob: 0.179609 0.196611 0.193381 0.430399 
Action prob: 0.205847 0.253494 0.203411 0.337248 
Action prob: 0.176042 0.196012 0.179788 0.448158 
Action prob: 0.143731 0.143601 0.143469 0.569198 
Action prob: 0.136364 0.142113 0.213419 0.508104 
Action prob: 0.164795 0.193546 0.200462 0.441197 
Action prob: 0.179606 0.196614 0.193356 0.430424 
Action prob: 0.205998 0.256159 0.203334 0.334509 
Action prob: 0.176042 0.196012 0.179788 0.448158 
Action prob: 0.143102 0.143039 0.142995 0.570864 
Action prob: 0.136652 0.142941 0.191065 0.529342 
Action prob: 0.164115 0.192954 0.20002 0.442911 
Action prob: 0.179604 0.196604 0.193337 0.430454 
Action prob: 0.209582 0.243276 0.20558 0.341563 
Action prob: 0.176042 0.196012 0.179788 0.448158 
Action prob: 0.143555 0.143438 0.143332 0.569676 
Action prob: 0.137661 0.144439 0.196192 0.521707 
Action prob: 0.164108 0.192946 0.200016 0.442931 
Action prob: 0.180383 0.197486 0.200706 0.421426 
Action prob: 0.204663 0.242107 0.203062 0.350168 
Action prob: 0.176042 0.196012 0.179788 0.448158 
Action prob: 0.145512 0.146143 0.148473 0.559872 
Action prob: 0.137587 0.144272 0.196512 0.52163 
Action prob: 0.165508 0.193835 0.201095 0.439562 
Action prob: 0.181039 0.198353 0.207704 0.412904 
Action prob: 0.206006 0.256338 0.203326 0.334329 
Action prob: 0.176042 0.196012 0.179788 0.448158 
Action prob: 0.146337 0.14767 0.152229 0.553764 
Action prob: 0.136235 0.141877 0.21584 0.506048 
Action prob: 0.169314 0.194819 0.205192 0.430675 
Action prob: 0.180788 0.200958 0.215351 0.402903 
Action prob: 0.206203 0.253251 0.204038 0.336509 
Action prob: 0.176042 0.196012 0.179788 0.448158 
Action prob: 0.1442 0.144936 0.147184 0.563681 
Action prob: 0.137322 0.14379 0.198264 0.520623 
Action prob: 0.159859 0.183747 0.197185 0.459209 
Action prob: 0.180667 0.20139 0.216812 0.401132 
Action prob: 0.205899 0.25423 0.203432 0.336438 
Action prob: 0.176042 0.196012 0.179788 0.448158 
Action prob: 0.150677 0.1505 0.150975 0.547848 
Action prob: 0.137468 0.14405 0.195857 0.522625 
Action prob: 0.158038 0.183014 0.195673 0.463276 
Action prob: 0.180312 0.202294 0.220073 0.397321 
Action prob: 0.204369 0.240225 0.202909 0.352497 
Action prob: 0.176042 0.196012 0.179788 0.448158 
Action prob: 0.143753 0.143619 0.143503 0.569124 
Action prob: 0.137471 0.144055 0.195809 0.522665 
Action prob: 0.154911 0.181744 0.193707 0.469639 
Action prob: 0.180773 0.197963 0.204684 0.416579 
Action prob: 0.204364 0.240196 0.202906 0.352533 
Action prob: 0.176042 0.196012 0.179788 0.448158 
Action prob: 0.143697 0.143564 0.143438 0.569301 
Action prob: 0.137471 0.144055 0.195807 0.522667 
Action prob: 0.15487 0.178653 0.193166 0.473312 
Action prob: 0.17962 0.196628 0.193486 0.430266 
Action prob: 0.204855 0.243576 0.203153 0.348416 
Action prob: 0.176042 0.196012 0.179788 0.448158 
Action prob: 0.143385 0.143289 0.143206 0.57012 
Action prob: 0.137281 0.143792 0.194555 0.524372 
Action prob: 0.154647 0.18165 0.193567 0.470136 
Action prob: 0.179614 0.196664 0.193469 0.430254 
Action prob: 0.205593 0.250209 0.203412 0.340786 
Action prob: 0.175932 0.195849 0.179673 0.448546 
Action prob: 0.139065 0.139439 0.140013 0.581482 
Action prob: 0.134298 0.139889 0.173316 0.552496 
Action prob: 0.154619 0.181305 0.193504 0.470572 
Action prob: 0.179613 0.196617 0.193421 0.430349 
Action prob: 0.206016 0.256347 0.203337 0.334301 
Action prob: 0.176038 0.196005 0.179783 0.448175 
Action prob: 0.135777 0.136439 0.137613 0.59017 
Action prob: 0.13612 0.141907 0.184676 0.537297 
Action prob: 0.154647 0.18165 0.193567 0.470136 
Action prob: 0.179613 0.196645 0.193436 0.430305 
Action prob: 0.206007 0.256356 0.203325 0.334312 
Action prob: 0.174709 0.194054 0.178394 0.452843 
Action prob: 0.135775 0.136437 0.137611 0.590177 
Action prob: 0.134507 0.13942 0.168868 0.557206 
Action prob: 0.156821 0.182523 0.19483 0.465825 
Action prob: 0.179744 0.198543 0.197767 0.423945 
Action prob: 0.206012 0.256369 0.203329 0.334289 
Action prob: 0.161098 0.175014 0.16418 0.499708 
Action prob: 0.135775 0.136437 0.137612 0.590175 
Action prob: 0.137681 0.139989 0.15711 0.56522 
Action prob: 0.154626 0.181641 0.193556 0.470177 
Action prob: 0.179154 0.201519 0.205067 0.41426 
Action prob: 0.206007 0.256356 0.203325 0.334312 
Action prob: 0.161109 0.175029 0.164191 0.49967 
Action prob: 0.135775 0.136437 0.137611 0.590177 
Action prob: 0.135955 0.138837 0.159968 0.56524 
Action prob: 0.154559 0.181614 0.193521 0.470306 
Action prob: 0.180398 0.201525 0.215421 0.402656 
Action prob: 0.206007 0.256356 0.203325 0.334312 
